0
0
229
48
744
744
0
744
744
32
1380
84
2792
30
153
1380
28
10
161
492
71
427
828
169
161
1874
55
129
60
1245
4450
258
176
120
176
2664
256
258
222
1081
149
3144
40
32
22
50
22
69
48
69
145
1360
26
60
186
475
130
48
60
317
34
34
102
612
287
2209
1380
42
138
899
76
1005
440
15
59
68
258
52
1380
899
11
1380
491
61
57
74
60
220
612
387
58
302
105
787
41
307
32
78
3199
471
1811
518
518
2055
518
518
492
2055
1033
899
40
1603
1109
94
2055
203
1677
10034
130
86
25
201
569
221
2148
103
130
17
2055
2055
905
4572
287
50
19
52
21
10
21
0
0
0
125
68
531
111
151
312
179
372
26
123
64
361
118
361
1380
367
396
86
86
361
251
213
141
213
1126
905
61
43
10
34
33
387
107
20
3
16
25
181
145
52
730
314
425
440
1023
92
206
151
8
2811
119
814
39
113
154
39
95
699
326
899
400
400
400
400
400
425
6537
531
1022
1389
29
29
783
425
230
1086
86
2055
2685
3531
276
345
1086
1467
2332
202
192
95
600
6600
440
14
55
43
2742
609
4994
329
503
230
829
82
1323
118
7
1380
145
78
326
304
52
1546
49
188
42
147
73
52
26
574
69
69
1479
40
1327
425
1635
2010
2954
20
141
612
341
52
34
411
52
89
1109
82
142
40
184
2417
339
258
3863
188
89
88
25
1456
52
111
108
717
13
820
1399
118
62
805
2162
27
329
179
1327
178
76
65
249
139
866
249
31
17
75
22
462
30
150
492
1289
1684
1723
38
410
151
16
778
30
69
45
22
167
81
37
80
8
524
219
7471
266
266
19
54
114
425
68
20
82
2055
7
152
899
1380
31
147
455
16
251
86
1327
57
354
56
59
14
52
1109
263
450
193
39
76
869
2724
244
41
3189
214
95
497
317
134
330
2442
230
301
2055
26
1276
88
293
249
52
102
370
59
239
235
145
899
500
12
44
346
201
174
75
1380
23
82
27
1027
18
820
2055
513
312
714
29
98
287
1457
91
301
2272
1086
227
497
89
586
182
186
899
951
10
714
899
89
61
145
3
586
2069
16
2265
209
411
82
108
86
56
44
408
172
480
246
7
574
829
178
225
160
141
2950
60
3491
715
2225
940
73
237
130
742
346
213
302
425
9
609
9
782
106
482
407
50
154
239
306
1145
52
18
41
667
2553
302
9
112
2055
116
648
450
836
153
129
653
19
1678
1649
408
730
1037
25
205
37
77
251
1433
279
39
19
1828
48
19
330
244
38
1333
80
550
17
523
108
73
97
148
82
40
92
21
899
1380
1380
425
899
141
795
213
83
882
153
24
15
1203
73
61
540
7005
266
492
20
267
1033
40
102
14
1109
1233
2055
5
222
28
193
248
29
9
13
91
26
422
1635
1373
188
905
1126
899
86
188
147
147
1288
78
68
1269
258
594
150
1588
1744
1744
26
1327
487
1289
152
1327
249
303
303
893
303
1872
