247
3746
149
714
269
28
178
130
45
1777
208
459
65
1380
120
308
13
3754
4481
93
717
253
141
56
425
193
2449
36
54
3178
17
297
1380
794
26
14
55
9
88
88
73
205
53
63
55
19
304
205
430
430
53
21
1380
319
50
105
67
21
214
451
2616
105
29
73
1039
425
28
25
27
53
176
135
612
13
107
219
89
1380
140
62
78
238
8
5574
169
5936
1380
1277
194
14
37
22
82
4138
71
1380
16
12
22
663
135
394
105
1588
287
1537
5693
1380
201
503
252
22
194
82
18992
18992
18992
141
147
14
14
37
13
21
57
1380
190
1380
23
193
570
215
629
146
425
1380
90
58
205
131
142
1380
430
4
1399
268
747
623
164
22
1118
86
193
243
1349
22
312
52
190
1341
2240
45
1169
167
91
185
172
275
2055
167
1451
159
427
238
833
154
29
312
1380
1588
49
42
134
663
