532
532
867
1380
303
23
135
984
27
111
480
114
211
7
175
191
89
169
652
59
48
424
108
151
53
335
722
96
491
1208
388
46
289
175
158
15
1245
190
26
250
64
134
8
59
550
899
22
79
15
90
32
432
19
157
150
100
375
383
33
32
141
1208
45
831
6
568
30
894
113
287
60
97
383
188
62
126
52
176
708
113
44
172
105
20
48
26
30
378
864
14
359
86
1233
321
78
193
130
625
211
540
6
339
122
24
123
21
128
145
18
1133
131
18
596
122
1314
1682
467
25
25
899
30
32
1208
109
219
28
217
12
38
236
278
154
38
158
38
25
28
37
72
6
25
57
409
44
6815
569
57
117
16
40
35
112
94
132
69
159
255
14
351
12
56
121
424
33
134
126
1233
16
140
1454
18
302
569
36
57
55
2704
108
100
686
81
457
9
72
330
480
21
80
453
92
52
8
54
68
542
22
125
54
450
230
747
27
252
17
1023
114
1246
2696
409
85
17
158
11
864
522
43
905
65
9
1203
89
71
59
493
29
24
12
45
6
120
13
91
92
130
187
10
91
366
2552
1399
46
60
359
14
222
69
129
726
7
53
36
1078
307
1381
205
1255
36
123
193
805
195
73
612
110
175
20
54
1303
30
11
1293
717
21
60
155
191
297
1403
321
296
254
55
25
214
39
34
19
351
2
112
378
83
625
252
45
16
374
32
3
159
3513
41
351
54
63
2111
63
69
410
164
440
40
165
89
10
39
124
55
170
55
133
180
755
382
32
875
22
121
96
14
115
410
1102
13
481
53
39
93
186
62
172
30
94
91
2266
770
2704
247
894
235
1620
1360
187
92
85
55
123
194
219
1112
32
838
46
808
39
2
35
341
339
717
74
10
67
21
492
103
492
37
38
9
12
629
7
744
169
1022
57
97
29
308
18
542
85
28
68
165
66
457
33
335
664
1587
1494
157
19
170
1021
661
772
18
51
114
82
26
297
24
48
249
759
480
47
117
346
33
114
190
190
179
67
435
123
175
196
113
11
113
156
928
1200
36
105
8
15
63
883
124
83
114
26
713
12
122
5901
525
301
201
382
5
69
664
16
63
35
27
11
174
30
141
1161
151
99
268
122
21
138
92
6
108
35
1149
190
138
184
13
596
18
680
323
53
63
576
256
4
42
899
37
202
184
491
37
1102
86
202
47
726
17
202
47
33
464
335
190
87
191
39
44
11
450
94
58
1434
75
74
77
287
84
15
199
479
85
1126
980
171
235
118
18
335
12
166
41
187
641
1788
1208
23
352
67
14
1249
296
18
151
10
62
8
60
55
1476
57
899
1544
643
12
127
64
38
10
139
22
191
53
57
326
103
19
74
374
69
1126
249
7
25
36
4
806
100
2178
17
4
104
63
253
28
67
100
513
49
68
20
21
243
71
629
21
125
77
39
27
24
55
48
41
85
44
166
91
138
36
5
67
497
2055
85
45
94
21
1569
13
90
186
63
13
67
119
123
28
90
45
683
899
482
1569
253
276
243
27
85
93
6
15
181
129
68
48
856
84
54
155
149
371
32
76
57
268
133
297
737
71
114
6
103
3
249
612
109
24
229
14
67
11
851
851
232
162
250
1682
3
46
522
1293
513
435
53
100
717
78
71
759
74
190
77
1160
98
1009
9
161
709
173
899
78
141
107
99
50
19
72
139
113
1230
60
16
55
28
297
22
786
289
205
450
27
56
13
180
1360
34
259
92
83
15
151
925
30
237
1426
137
28
19
194
20
447
14
74
1005
1456
94
20
899
267
1245
38
32
25
27
191
550
5
88
63
34
25
104
307
325
67
108
48
150
106
200
1400
415
58
105
258
772
7
132
384
202
335
111
42
35
8
201
2704
54
12
10
70
20
22
29
560
5
664
1255
1380
897
897
236
102
38
1021
27
19
269
147
32
39
30
378
1380
47
303
31
68
68
180
249
48
98
457
7
1057
722
453
102
59
195
169
169
722
201
139
38
267
388
68
393
15
502
190
2974
1009
881
525
80
894
8
52
143
119
120
211
475
64
56
881
64
415
107
88
30
18
287
27
351
11
253
2954
899
468
11
30
20
11
83
30
562
13
29
1057
34
1494
270
1023
10
35
119
58
21
200
143
1682
13
108
96
157
34
522
401
316
321
820
108
34
2
326
1625
2584
275
326
213
33
20
170
45
48
316
128
15
23
50
14
49
174
88
235
36
169
9
116
54
200
29
820
109
993
12
1682
424
627
17
12
288
71
88
8
42
321
109
969
33
149
440
81
249
13
370
81
130
39
21
57
39
11
502
325
1126
153
27
59
210
424
899
190
86
123
383
374
121
138
276
894
1037
69
491
19
1112
10
68
38
225
50
267
193
1380
54
209
1007
7
771
1454
52
346
115
115
247
55
208
88
595
113
16
48
169
21
1007
30
222
562
54
44
137
329
48
663
71
873
140
53
22
71
254
69
103
166
641
50
698
129
113
92
122
30
24
382
261
40
64
8
302
200
187
525
151
201
1403
38
117
346
38
493
205
1380
1380
113
714
31
38
1692
124
113
113
6
46
1314
70
24
42
103
7
54
491
652
33
3018
101
43
18
59
360
214
873
106
22
14
680
143
34
2387
683
302
985
48
120
1087
186
928
218
22
1377
171
40
32
336
3996
10
90
217
83
190
532
532
27
35
85
85
1063
21
67
20
588
403
199
1303
106
7
232
199
664
64
1113
92
35
1333
73
285
131
276
179
20
177
612
35
32
339
88
14
406
190
19
38
808
465
111
545
20
5
18
2380
980
108
1208
26
78
722
19
208
157
213
491
208
1494
32
84
321
8
42
117
943
296
339
82
230
612
930
1208
11
30
1233
864
17
259
346
73
24
169
20
50
5
108
143
3
22
692
52
33
214
26
64
39
39
13
261
1716
124
13
7
251
284
133
1132
39
39
16
57
132
899
28
13
77
85
31
32
178
12
350
795
457
18
1682
49
5
968
2035
771
12
124
255
17
44
3
218
24
479
297
297
129
532
90
21
724
1735
329
9
130
22
82
138
44
33
297
641
277
68
234
350
68
1208
53
22
13
107
122
46
12
199
17
1230
13
13
123
111
53
418
132
1380
469
13
48
108
25
236
53
190
171
304
1360
48
17
1298
96
716
43
424
193
985
109
107
629
764
8
75
201
860
91
44
535
346
171
24
111
356
85
236
175
542
1291
64
101
25
51
52
667
91
20
26
94
59
237
144
13
168
89
56
724
19
120
23
90
83
1624
62
116
194
109
856
2128
202
12
16
30
350
1009
289
52
32
20
54
39
32
648
24
424
65
522
191
59
120
2600
253
190
316
31
13
13
251
161
12
39
52
123
716
899
370
27
1021
464
453
19
114
408
289
439
302
381
117
214
20
550
91
3
76
560
968
252
21
396
92
95
755
8
70
951
146
104
84
186
126
270
147
205
107
458
297
297
97
38
91
38
16
458
257
32
16
287
135
54
31
201
10
93
67
187
384
522
100
175
33
42
35
664
60
1796
69
17
846
90
11
13
102
68
450
1443
201
59
12
302
288
664
100
54
80
109
92
795
56
993
36
49
22
113
214
188
7
308
424
635
89
296
347
33
1380
698
18
93
232
92
46
85
481
14
123
156
109
58
1078
22
859
33
64
1057
351
747
85
53
11
1454
32
50
34
423
899
22
481
19
54
200
119
135
27
28
28
22
118
4
682
4
92
131
38
370
276
20
169
87
15
188
33
151
52
24
408
191
117
8
30
1682
16
72
267
121
65
200
124
20
145
5
256
18
180
335
30
30
195
262
55
16
109
77
346
108
22
347
28
424
418
14
42
312
64
105
716
440
339
899
65
60
20
152
389
1682
26
68
68
48
1558
747
729
1380
88
17
88
187
64
27
120
85
85
256
867
72
93
625
16
68
13
139
91
66
1246
985
53
48
10
1291
55
251
629
38
22
65
2600
55
10
360
324
180
230
387
111
80
14
90
324
1494
2584
7
21
523
325
37
69
60
258
77
22
150
150
38
5
3091
661
13
35
16
68
54
412
179
53
57
53
63
8
111
378
190
209
30
1314
298
26
62
747
1092
346
153
38
13
190
130
8
13
147
8
57
386
1126
562
287
17
1022
6
26
252
664
46
22
532
469
550
10
13
219
169
169
43
201
62
149
738
20
296
59
2055
107
113
60
57
864
17
14
296
1426
82
101
22
57
48
27
259
106
68
27
170
49
23
757
180
828
664
21
31
89
29
13
16
722
83
55
523
444
64
85
90
6
166
465
253
48
60
57
541
1380
171
22
625
116
31
32
795
227
31
691
12
1245
203
522
4
119
150
439
150
18
41
63
302
50
138
770
3
86
46
103
74
198
1100
60
251
62
150
222
70
35
2584
396
108
77
757
276
22
250
38
1102
6
12
55
105
105
167
194
137
44
10
32
121
57
1021
24
560
540
19
123
70
332
943
51
8
380
276
334
67
12
160
89
491
288
10
34
625
27
72
321
84
32
122
180
1471
77
625
57
11
91
24
116
89
74
236
302
89
894
9
7
80
55
31
19
5
194
42
151
2954
116
16
27
562
973
60
8
119
90
360
11
43
116
713
3513
8
44
39
14
2125
86
10
249
12
40
67
794
596
1380
85
236
73
60
48
50
174
96
129
168
68
68
151
480
422
121
9
342
53
327
485
53
77
388
35
60
48
303
522
13
96
60
70
251
92
562
21
28
1300
20
186
13
69
491
36
64
17
502
68
664
194
217
166
103
532
532
19
1314
200
263
49
12
1587
664
59
1005
1360
146
96
133
10
10
38
55
55
25
191
245
595
358
714
424
43
899
42
93
70
36
8
16
191
1495
251
423
29
36
28
83
23
625
1360
925
75
350
15
191
32
201
899
85
2464
627
102
1476
32
1022
496
61
64
190
1022
28
25
69
41
899
60
80
410
36
39
97
30
562
36
205
440
15
116
46
11
12
19
1587
102
6
71
129
412
50
23
108
899
72
50
144
502
532
532
206
222
3192
137
143
403
145
646
250
74
89
129
30
284
117
30
307
44
20
27
113
65
145
20
25
453
19
106
39
69
25
130
15
359
194
194
23
59
72
342
625
52
17
199
19
175
2947
1113
84
54
1369
1584
27
1054
123
29
156
295
201
280
382
479
208
586
186
239
161
109
6
42
491
295
48
401
514
76
370
53
110
138
236
153
39
545
52
60
162
75
437
30
422
16
332
169
169
49
135
167
1007
35
1100
165
219
177
326
1380
68
440
18
93
47
202
86
749
7
55
32
50
201
335
252
160
29
985
39
44
60
27
123
54
90
200
18
24
120
664
33
825
1369
317
10
30
213
330
15
201
1345
116
532
532
276
808
63
329
251
39
21
238
213
223
19
46
60
48
57
43
114
97
550
548
120
943
630
1399
225
219
12
140
984
91
54
164
119
560
2114
57
124
472
222
34
24
85
96
178
2456
9
11
191
724
39
32
89
755
21
30
17
218
894
197
47
30
243
89
66
129
26
899
12
82
152
522
509
39
110
339
270
22
1380
302
535
65
360
360
48
2303
69
287
943
74
458
8
159
321
664
200
200
1322
20
20
85
8
31
33
31
118
52
38
89
806
160
575
39
1380
47
276
2696
191
175
890
155
27
3270
44
27
2035
107
635
457
75
73
318
1692
85
133
83
1682
71
1143
68
3
88
54
53
22
186
550
90
12
23
298
17
68
105
24
48
213
48
596
342
1227
113
253
205
925
72
70
69
34
45
190
53
106
768
78
73
35
453
230
196
899
51
23
138
151
170
90
91
388
869
33
36
986
31
67
846
382
532
1380
10
47
32
21
123
217
198
219
145
646
6
211
54
57
123
68
55
232
235
270
67
130
211
71
276
3
16
1007
67
177
82
26
1149
943
1303
187
16
12
267
54
270
2858
502
117
107
1037
87
40
516
130
147
91
230
169
851
851
535
228
74
22
62
899
415
31
253
57
9
1021
980
13
167
105
2827
141
136
36
55
72
28
11
1208
1037
29
772
47
24
899
10
795
308
1692
1380
85
61
1454
39
91
733
261
270
86
101
36
85
47
175
86
596
251
108
86
1682
52
40
1397
928
343
68
562
232
95
1233
669
90
234
19
318
575
51
562
80
22
67
44
166
520
94
151
100
76
205
54
2387
322
18
234
180
35
43
25
26
55
16
60
434
297
297
55
16
104
71
360
124
170
596
2380
18
42
9
55
48
74
113
34
134
177
1208
113
53
108
1692
236
176
925
1993
324
329
93
175
17
1454
55
403
1126
68
238
137
186
111
314
39
129
92
49
234
925
1203
92
71
152
18
683
782
772
223
56
20
26
1086
136
62
304
145
47
9
169
99
32
78
28
156
52
175
116
160
2217
134
109
1128
58
175
1021
104
664
409
135
130
806
1021
1342
85
388
57
89
275
122
150
250
58
57
62
32
2827
41
10
278
291
85
7
1102
838
1328
588
259
1494
36
36
52
1523
532
180
275
44
117
14
21
11
3313
16
28
88
5
59
51
23
90
2387
980
493
864
69
90
433
234
10
491
366
513
64
14
351
211
14
794
387
864
14
85
69
30
135
235
145
1102
24
67
27
1203
787
302
5
12
680
35
457
74
85
68
912
401
85
239
66
856
755
118
49
516
890
112
230
166
250
15
87
102
22
107
68
353
239
928
114
281
1078
47
20
25
31
899
26
15
169
1397
1399
177
1128
123
1696
899
1126
408
107
5311
37
6
6
1126
8
533
191
96
122
188
82
74
21
19
432
174
1454
53
30
83
10
1584
83
346
49
24
117
322
2360
491
44
522
45
249
113
1360
408
401
353
145
45
77
13
13
661
806
1021
465
129
1161
1658
612
302
60
91
188
201
147
245
31
17
210
161
47
295
160
1074
19
29
51
83
35
575
35
37
42
350
533
503
18
53
196
33
899
418
73
50
283
56
899
335
66
424
366
235
214
23
351
433
147
22
1303
26
53
63
35
491
2600
357
177
198
34
18
169
169
1022
1523
33
166
10
28
49
993
188
92
1360
53
12
58
53
60
86
92
50
12
374
846
153
1682
787
191
53
35
116
20
80
433
3053
457
393
370
747
85
162
99
11
558
522
49
133
141
71
225
899
664
523
1380
247
59
23
40
51
243
281
370
104
1303
35
30
75
570
542
57
13
230
36
6
143
57
86
113
899
93
190
138
683
334
535
91
3192
58
4
51
107
29
18
38
39
60
56
346
116
208
114
227
2696
558
14
182
63
109
181
65
53
158
47
130
19
36
57
74
91
316
295
562
22
166
16
13
166
18
166
138
106
267
134
35
82
89
297
55
239
60
66
303
13
312
951
958
669
123
1328
1293
107
11
1523
540
54
23
47
864
191
90
51
794
73
108
106
2055
35
160
562
55
95
525
85
173
321
32
747
7
126
122
151
925
66
646
74
722
59
144
18
23
13
20
39
795
68
410
46
3046
322
43
771
75
175
1426
53
12
399
29
30
196
366
21
26
152
65
4
71
24
86
890
13
159
42
160
149
276
6
158
15
102
10
303
691
24
52
52
82
15
108
596
282
172
115
276
81
144
199
203
117
32
150
60
1233
151
899
1696
10
83
217
58
266
24
93
236
1442
1553
1380
35
32
88
8
139
664
236
36
2055
211
9
321
846
864
43
24
1456
49
230
21
76
532
14
5
20
433
43
205
31
60
1250
68
374
749
190
29
43
13
90
562
820
49
424
227
40
930
64
107
1335
38
450
209
503
36
20
17
528
125
47
47
26
324
3046
468
930
20
155
70
211
316
168
289
28
44
174
39
33
145
113
89
1126
43
31
128
124
54
827
1333
44
113
114
1021
424
14
5
275
479
211
481
10
1325
968
194
108
20
2217
112
96
19
77
223
89
100
228
3
16
522
57
339
83
83
190
95
1380
9
1400
16
103
792
808
143
81
29
147
317
191
58
131
10
1399
63
12
38
72
175
77
123
113
67
130
19
211
120
7
1625
24
123
154
92
275
48
104
3
232
24
270
1022
6
153
301
12
851
851
351
44
128
20
125
34
370
208
12
156
1291
53
3
493
84
37
302
89
19
16
232
15
2178
202
153
387
339
250
17
69
39
14
31
21
980
54
17
291
63
2178
251
135
44
26
97
8
180
32
1078
276
30
10
105
130
9
75
58
2303
118
81
236
35
49
383
795
44
401
820
4
256
55
96
1078
635
254
136
145
350
58
316
374
76
309
26
119
151
374
55
481
159
389
47
15
18
6
548
384
46
409
108
141
47
469
1143
1788
41
266
184
641
46
424
35
612
3
187
236
20
806
36
11
10
58
117
199
232
66
32
10
562
62
73
20
1021
1523
52
480
722
181
12
144
22
135
2055
60
60
595
205
1360
210
347
22
1245
107
1134
123
9
588
124
60
36
522
1102
113
55
329
158
52
53
1692
42
175
464
65
28
48
267
7
11
51
258
252
319
78
7
287
54
123
213
81
18
102
324
91
42
202
33
106
159
2365
191
1397
85
1369
67
366
14
15
12
263
8
146
6
129
856
255
22
511
511
130
67
32
45
158
84
193
43
15
68
177
335
26
90
669
135
319
110
13
144
39
480
314
104
7
28
26
10
133
64
71
54
57
36
85
141
66
424
140
28
50
95
261
419
164
59
1380
123
346
263
138
635
595
38
54
42
59
16
190
108
154
480
20
7
743
108
1790
254
223
120
351
213
60
11
980
755
925
20
275
48
177
1133
848
27
67
481
1161
1360
150
18
88
128
103
213
5
54
555
3192
307
24
663
35
34
81
13
22
1300
72
129
253
219
12
5
57
20
14
77
20
81
191
12
32
46
69
1380
43
899
12
130
127
96
125
58
14
21
9
350
262
11
480
10
2708
497
92
55
160
23
208
60
259
166
73
612
45
25
1037
432
1380
511
511
85
303
3192
234
3018
252
80
194
33
167
22
42
39
16
50
151
4
282
946
302
596
89
15
338
94
37
18
1300
190
111
267
560
105
899
190
37
550
141
73
1255
139
65
1588
77
38
10
94
219
156
24
899
155
12
85
96
41
39
124
6
219
293
14
48
301
64
252
1380
1380
120
786
31
57
59
11
18
85
289
771
481
32
180
18
351
55
717
30
324
46
68
38
77
42
1233
21
256
146
318
122
1328
27
330
458
8
1692
82
81
60
1624
743
119
154
14
90
80
74
424
346
424
80
19
138
1102
114
45
431
45
82
16
122
1200
108
2696
1114
74
122
10
132
782
49
384
755
542
12
59
50
71
316
263
334
1397
239
61
35
80
297
113
17
196
84
6
22
1587
24
51
7
1009
154
218
993
40
408
39
99
144
17
191
46
1230
2708
738
62
143
219
457
179
890
211
2055
24
123
30
175
26
48
12
230
99
2229
308
21
196
51
254
472
21
49
2380
102
128
238
120
925
7
29
13
21
522
176
85
406
595
20
82
625
96
33
846
713
46
514
853
27
74
200
76
72
472
66
96
1022
114
7
68
11
1245
1291
53
57
14
20
416
542
1569
36
391
524
297
297
185
151
82
49
24
61
25
21
48
546
38
1300
8
5
31
2178
20
424
145
22
39
251
663
3014
10
108
453
151
47
117
128
180
36
755
70
39
350
6
123
85
379
317
104
1328
289
243
899
346
22
43
201
772
37
238
291
46
123
270
8
173
492
1494
38
175
1658
321
73
130
409
175
321
25
31
270
30
121
228
85
20
10
382
6
28
691
43
15
18
24
48
29
61
146
123
722
203
2704
29
105
2210
11
9
87
179
10
99
59
32
7
708
366
472
35
635
316
71
899
252
82
1078
141
1874
560
15
147
432
53
664
153
980
126
188
20
22
31
104
188
255
119
9
26
90
114
13
926
13
733
130
80
14
261
12
887
410
15
68
211
131
247
15
480
26
256
219
249
108
48
146
46
68
453
9
161
22
26
247
218
9
57
26
17
249
99
3
52
105
17
146
60
296
8
104
20
171
41
304
211
143
21
153
85
64
14
896
722
109
25
22
158
450
108
946
262
426
418
213
62
10
191
181
350
550
176
827
12
44
187
472
7
114
57
39
172
103
1096
212
899
899
21
1399
102
111
81
104
692
117
20
72
38
42
1203
53
78
1380
899
316
39
38
190
50
202
747
236
19
117
525
795
524
109
109
72
491
141
230
167
347
191
3
692
350
88
541
6
106
2055
15
252
12
3
206
787
42
171
747
249
30
68
176
32
44
86
10
52
144
100
27
1249
856
502
408
423
21
897
247
75
21
5
103
154
32
612
13
783
23
122
1133
164
31
40
316
19
26
14
335
1208
34
30
30
108
250
197
74
170
21
123
97
21
19
303
236
492
171
475
177
116
1108
8
292
733
31
20
346
68
1208
55
285
14
359
185
492
32
42
357
32
899
54
101
227
1454
453
846
114
176
32
625
1788
270
479
28
91
53
805
375
106
108
424
9
144
2708
15
330
68
276
70
16
635
1086
22
35
14
162
85
4
135
81
498
94
899
307
167
202
899
8
54
97
55
1682
77
56
447
108
410
1380
114
88
105
14
68
80
1126
33
89
20
71
63
191
7
692
54
334
65
664
42
387
33
59
482
899
532
864
143
117
80
187
492
1380
62
90
374
4
744
60
68
899
51
22
9
34
53
27
562
475
772
39
303
90
74
37
514
87
21
144
239
53
88
129
70
62
562
46
308
481
5
329
58
1360
35
151
63
366
14
629
153
297
899
171
4
150
38
86
21
123
123
166
206
211
899
164
1203
21
200
111
408
457
827
120
152
49
984
43
25
468
96
1408
125
54
2229
287
226
31
177
48
38
940
277
27
73
75
970
253
77
943
268
114
67
32
128
276
60
1380
295
44
782
19
309
1233
277
33
77
59
894
16
30
135
162
9
239
23
114
13
64
9
68
57
1161
9
35
228
29
71
118
151
33
42
481
12
210
174
103
113
60
123
34
229
1620
22
21
176
432
2055
22
47
134
110
219
393
15
124
37
8
38
199
51
46
9
83
322
62
71
174
11
55
89
532
48
30
630
22
7
698
87
188
9
36
90
384
26
2035
65
35
28
67
378
276
223
118
22
458
128
13
213
91
24
36
5311
132
162
239
119
104
53
327
74
30
32
4141
19
1100
6
54
160
374
68
77
68
49
15
985
35
28
492
35
20
42
199
297
379
1399
17
46
26
1403
757
214
18
2055
1696
47
15
16
116
85
81
73
303
239
338
1126
37
6
28
48
31
7
13
151
48
89
5
9
289
40
24
899
92
249
26
23
186
67
150
60
211
191
97
60
18
47
56
1208
1246
806
255
35
140
1322
55
89
50
388
612
32
54
714
39
986
141
17
87
54
68
297
383
64
424
1086
59
42
48
155
193
167
63
33
899
1022
51
247
1408
14
185
121
27
16
350
49
17
305
108
146
36
22
223
73
113
29
37
3
34
319
19
595
135
53
1086
1112
15
4
43
21
755
31
32
44
124
226
362
35
20
193
33
68
81
11
458
46
3
46
143
1380
424
175
278
302
39
110
276
32
492
125
174
251
145
32
1682
59
85
986
12
630
5
44
85
1337
106
287
491
99
22
59
437
158
12
1208
588
88
59
48
122
1303
207
98
110
378
926
722
160
93
186
540
67
491
408
1345
212
251
64
105
523
47
15
683
498
435
136
64
175
143
307
33
125
899
19
123
174
164
156
120
33
71
30
509
123
77
2704
180
54
87
189
68
21
176
219
277
346
287
52
17
106
120
234
899
1454
21
139
38
383
14
53
49
25
64
2
51
295
321
7
57
108
198
65
562
96
33
846
56
70
7
247
42
641
165
52
13
54
571
278
800
588
19
205
140
17
124
297
327
38
105
88
68
143
259
12
59
985
22
424
550
213
2116
104
172
144
22
267
330
1233
1233
204
664
806
1126
33
24
85
115
115
408
10
75
12
144
894
453
308
145
562
894
53
35
30
1696
330
332
46
85
85
8
562
890
256
56
47
513
20
24
119
239
416
1426
309
50
297
297
1078
524
185
339
930
230
11
143
14
890
196
85
55
276
524
13
123
121
747
160
180
2232
18
8
104
191
32
70
55
68
1682
108
154
23
2456
7
37
59
28
28
26
23
47
202
119
32
53
32
32
133
34
45
174
190
6
255
472
190
612
166
1692
661
8
457
905
229
26
12
154
479
45
12
88
109
335
496
38
285
267
14
1009
10
164
66
35
4
208
30
22
437
214
548
524
60
50
155
3018
8
595
57
105
523
42
63
220
22
2734
76
53
8
36
491
48
239
64
30
4
2790
491
21
19
263
71
173
88
269
24
74
195
4
11
426
35
630
69
7
165
899
498
469
166
1790
851
851
295
85
39
464
121
53
159
4
8
79
1558
773
86
86
146
864
2
526
253
296
139
53
57
625
1360
329
53
19
172
13
1342
74
13
943
108
863
297
20
143
18
119
9
709
22
144
37
6
2272
73
58
31
177
525
324
177
12
5311
77
175
25
174
1108
3513
6766
17
35
9
211
330
63
20
464
287
424
47
387
1682
41
55
480
66
664
152
45
127
108
28
21
201
7
20
5
276
366
74
58
52
205
66
123
67
169
48
29
1007
101
32
197
42
276
85
175
139
770
130
59
20
190
91
5
151
1160
34
55
341
117
491
114
424
101
18
56
25
65
27
958
9
82
19
13
90
170
303
257
286
17
36
11
864
6
94
221
932
424
48
30
124
38
73
1682
1031
20
137
661
1692
1054
67
32
330
107
34
86
47
19
276
217
71
80
9
180
2035
15
1300
196
806
25
3
267
13
66
661
185
17
1102
297
222
2
569
10
1796
15
16
894
23
11
1112
18
187
236
751
82
190
330
78
15
24
1380
894
61
129
222
1275
76
854
88
93
107
416
80
65
440
106
137
269
69
214
467
30
51
10
15
188
53
57
20
808
299
103
8
7007
68
89
795
68
1007
201
166
108
40
1380
792
91
151
146
64
72
30
261
21
401
550
523
42
2303
126
9
437
60
64
64
130
107
144
6
47
52
38
105
26
19
43
210
85
1102
36
424
31
47
307
116
49
70
101
170
32
68
12
167
307
80
117
491
144
60
48
16
144
50
299
202
786
199
166
770
571
38
256
29
139
6
1345
175
321
171
5
1333
173
52
492
352
75
30
238
22
343
27
481
21
12
276
353
90
302
346
155
867
899
16
22
20
72
43
109
14
16
984
90
296
2
9
90
117
21
82
1208
97
51
90
53
71
1033
1033
18
237
432
38
1454
159
546
193
180
45
69
20
51
502
612
15
14
75
64
1454
40
92
73
39
524
64
262
253
2584
122
122
169
169
190
1054
162
117
275
535
113
78
1233
479
2055
36
4
144
201
85
6
143
250
60
465
123
440
214
747
106
360
360
68
899
1126
297
1359
435
22
457
94
68
211
19
41
57
174
119
61
322
805
27
453
525
672
68
68
57
648
1227
267
35
44
140
314
53
652
524
32
143
374
70
1951
169
569
135
14
114
90
114
60
181
303
55
73
13
346
19
80
131
96
236
177
698
202
984
596
546
47
209
11
85
17
159
612
92
869
29
164
115
13
8
64
1442
71
25
30
200
194
50
55
19
17
1054
770
1380
316
980
335
64
13
85
41
444
177
96
82
104
53
782
27
90
191
6
23
308
21
21
714
1037
80
55
140
613
144
85
83
60
86
13
362
85
151
53
61
15
103
20
90
899
18
20
253
22
85
150
211
9
759
401
305
535
297
153
145
44
73
26
74
85
1314
247
36
744
19
346
33
128
39
851
851
12
82
97
20
23
36
104
60
213
140
384
112
141
440
82
177
11
122
172
5
1314
383
153
53
17
101
25
422
1600
42
59
378
60
32
1505
6
230
6
28
6
1342
346
14
150
150
412
13
10
132
68
144
53
787
6
480
346
30
1692
100
130
169
571
201
532
42
44
7007
12
45
457
800
8
50
33
1128
66
7
275
31
43
864
1200
39
107
83
72
24
13
100
840
291
39
595
122
86
14
498
44
17
296
35
89
1246
53
10
34
890
22
899
105
30
190
1126
366
53
13
44
6
21
524
630
253
648
6
108
145
199
89
1380
9
108
2954
33
151
15
1790
25
214
32
107
342
222
12
46
91
353
93
856
440
22
114
2179
30
27
94
185
596
227
176
82
1087
859
2360
43
95
70
167
464
50
33
109
165
11
120
287
120
326
20
234
211
683
1233
153
276
630
64
479
38
86
85
32
352
297
297
55
542
617
270
145
20
17
482
457
15
1380
108
92
31
169
1102
177
314
235
44
169
15
16
6
249
435
110
190
25
37
4
167
612
1113
4
738
617
1126
926
99
160
625
203
346
170
1692
145
200
62
83
1399
550
145
53
48
698
275
256
18
38
97
29
97
6244
562
61
106
12
104
90
383
108
251
261
169
2858
792
194
45
709

171
133
148
595
50
54
314
108
24
23
211
194
271
193
45
181
172
8
596
4
864
492
13
29
53
860
339
21
54
522
34
299
289
67
97
105
18
74
100
86
25
86
709
22
120
899
36
71
1065
55
1245
1328
45
188
7
175
55
285
188
78
48
28
6
352
332
60
20
12
1275
119
32
12
18
151
53
1022
667
92
141
14
94
29
206
53
123
49
53
18
28
32
439
562
142
31
1790
575
479
351
714
19
82
464
36
108
546
50
262
71
32
625
96
287
25
141
177
30
55
149
1454
346
980
17
235
167
18
1448
62
13
755
128
145
7
52
258
85
191
6
481
52
9
493
145
625
943
112
525
144
74
35
374
548
27
1148
25
16
560
67
296
180
36
35
432
20
105
29
856
222
13
132
20
96
48
12
88
144
71
114
55
691
1005
28
5
23
661
24
13
33
158
28
67
105
38
117
795
5
243
11
3996
174
172
62
40
54
109
899
424
42
630
465
140
854
312
1133
52
35
828
139
25
318
1454
258
698
313
140
722
846
123
899
47
139
550
147
10
570
217
1692
1454
198
86
30
111
112
297
930
926
270
73
299
239
94
251
33
124
171
73
102
1246
138
123
57
18
9
68
122
455
26
302
133
54
17
24
14
41
57
108
926
24
56
283
50
338
109
15
491
362
220
29
27
32
33
123
68
31
13
13
1679
457
8
985
30
795
18
864
285
169
730
55
1149
210
467
117
15
118
59
103
33
69
55
940
383
44
22
71
103
1380
82
2858
11
7
45
722
191
63
136
122
1126
303
252
502
55
18
124
899
144
57
899
805
308
410
24
542
1400
2055
174
759
19
275
205
190
54
278
27
65
7
44
524
32
13
37
13
525
239
134
35
261
5
43
307
140
27
661
104
1007
54
8
60
757
64
69
37
792
116
42
18
51
360
360
755
97
356
223
894
890
36
15
1057
30
202
67
5
269
121
208
11
69
60
84
45
40
145
60
141
5
1149
28
259
1102
112
211
213
44
899
307
45
339
25
83
90
586
85
90
554
62
38
21
142
68
439
6
38
3
18
179
27
197
35
40
268
524
253
14
14
93
899
33
79
85
51
8
76
8
482
39
130
216
42
26
455
630
114
123
90
24
125
772
899
10
943
8
215
26
87
68
223
113
1078
90
31
347
782
177
197
13
9
35
18
21
14
75
93
140
44
96
211
4
108
1203
13
87
67
993
1322
12
17
12
21
217
14

171
324
144
18
133
820
338
401
91
55
12
770
2954
146
164
2266
52
20
321
100
51
39
17
94
72
77
33
55
51
214
295
121
12
191
94
63
86
28
899
109
222
22
36
197
150
89
236
245
2464
958
805
256
145
63
19
15
808
59
329
60
274
2055
67
149
219
227
63
108
69
249
360
360
30
35
1456
661
55
42
150
247
25
424
114
546
191
64
20
60
200
335
275
664
28
1126
167
190
22
123
145
80
422
12
794
59
1685
1647
1426
680
42
80
49
26
60
940
26
795
85
11
219
21
32
26
81
899
54
30
53
281
52
108
104
308
198
211
411
227
22
35
34
167
72
321
299
175
6
67
743
423
38
440
83
3996
60
480
11
1208
33
22
630
401
144
185
94
85
743
22
213
339
34
239
65
20
70
25
214
302
209
130
31
82
236
120
6
1380
447
85
560
50
65
912
7
64
326
193
60
283
68
169
18
6816
986
247
24
133
327
20
212
492
30
152
251
217
13
68
190
57
301
524
447
201
680
15
1246
90
227
303
10
106
17
180
76
87
1133
83
188
362
170
211
772
873
249
116
89
55
118
96
20
686
1208
13
17
211
81
17
65
1380
34
35
17
20
19
722
772
55
439
105
249
72
73
190
50
303
44
25
134
122
123
1345
161
124
144
35
69
10
31
109
190
118
117
83
143
716
270
74
890
27
980
41
31
255
193
664
20
125
68
202
755
32
171
899
74
177
107
238
139
51
48
186
2552
58
108
258
114
22
175
40
351
1096
8
229
440
153
44
625
356
261
93
196
18
455
22
259
211
479
321
64
198
144
142
95
319
20
119
130
35
30
27
24
173
864
43
93
150
21
44
191
100
41
255
159
95
111
286
2055
110
211
57
7
90
362
51
854
1553
574
408
2954
38
12
21
20
13
151
346
1300
53
11
26
984
94
65
50
439
208
208
1102
121
184
568
13
864
899
12
234
123
239
407
74
524
100
85
171
68
314
1587
1126
32
19
360
23
104
124
20
38
408
42
44
237
672
31
6
2291
20
307
52
37
296
73
23
77
22
133
92
276
905
47
9
14
54
453
532
84
45
140
270
300
300
59
770
151
403
457
1023
8
18
457
52
25
113
71
33
255
90
330
266
7
38
4
54
187
730
281
323
528
31
305
1337
55
383
303
794
130
7
145
370
7
232
1456
8
56
29
569
378
92
63
145
20
856
186
36
267
63
211
440
1692
32
58
190
525
66
124
899
181
218
156
31
297
524
1126
69
51
222
38
119
338
24
55
128
164
2704
81
223
374
14
39
105
82
123
175
146
252
102
85
78
14
455
36
66
869
66
596
99
54
187
53
23
330
8
108
227
50
63
193
162
3
80
346
346
6
303
946
119
698
177
88
12
418
755
67
85
316
90
899
211
49
38
110
1249
20
1380
92
89
1403
1624
219
56
2035
171
137
54
68
2111
270
29
424
330
151
1380
1380
22
986
11
95
213
424
74
16
26
716
158
20
255
12
6
43
795
136
10
50
21
905
227
219
14
18
132
7
104
206
175
145
401
167
111
491
139
50
324
160
16
930
13
526
1086
45
291
73
722
24
19
940
351
53
21
73
110
109
267
187
68
2114
856
64
128
43
19
26
55
308
1249
35
432
114
453
339
864
883
1476
108
630
50
61
6
211
584
27
899
34
130
43
1233
123
88
946
578
202
899
236
346
187
4
72
30
154
1359
62
929
89
39
31
943
71
111
211
14
630
93
205
12
5
43
54
439
362
50
205
336
35
208
184
120
32
58
560
22
899
68
22
55
20
3
422
29
53
122
1007
5
362
262
34
1022
145
57
150
150
187
106
717
12
67
186
686
663
202
1245
6
682
99
17
81
21
136
66
1360
23
1333
6
187
42
524
46
1587
899
318
538
82
106
28
18
107
42
72
2217
8
887
89
2294
595
101
2217
324
424
1685
21
211
48
7
1360
170
113
313
219
641
869
1291
206
160
360
20
35
33
20
890
894
54
993
49
199
287
926
275
105
38
19
419
1022
59
24
37
85
378
37
24
143
204
724
890
32
339
12
76
13
17
85
542
141
45
175
186
439
663
806
36
1381
890
8
104
270
60
22
16
17
32
219
7
302
63
166
772
21
21
1009
144
26
3513
22
532
424
424
4
91
20
121
1887
132
89
353
212
1126
73
81
370
91
169
44
121
905
135
899
122
21
93
31
890
6
18
20
90
136
35
744
329
2232
256
22
104
33
38
135
46
1443
3047
169
73
51
150
176
492
49
49
113
24
228
71
563
54
1203
97
39
68
36
208
81
60
20
1031
267
568
251
135
22
1126
9
68
38
155
9
350
90
56
795
1380
625
255
285
18
106
1790
35
117
14
864
1108
211
16
450
67
8
447
53
1360
33
69
60
14
2210
15
57
771
502
17
66
8
32
171
1381
1685
31
60
864
649
43
29
43
105
167
259
34
48
612
19
26
755
91
96
153
366
9
11
72
18
131
899
36
985
251
116
106
185
51
36
175
378
267
124
43
22
492
6766
33
67
92
868
2
411
2055
196
62
1108
145
722
2858
57
11
16
28
19
8
85
14
112
125
389
253
39
172
12
167
4
52
770
127
143
262
34
747
181
2360
14
15
153
130
15
103
172
32
42
170
1454
253
135
214
140
78
177
1345
85
28
455
34
1647
302
524
27
92
33
38
58
57
389
29
899
96
14
1381
243
5
28
39
89
62
370
133
308
630
856
43
21
646
321
239
19
19
15
29
160
44
49
194
51
6
20
1132
20
2291
117
23
90
194
173
899
169
44
1466
34
6
327
117
214
453
60
97
55
450
93
23
99
69
102
166
27
48
135
1426
1342
70
984
54
75
185
51
493
109
21
7
46
101
940
1442
2055
1796
36
43
524
51
161
627
717
145
408
943
20
664
89
144
307
6
419
465
491
122
1553
1022
60
177
1692
130
105
13
14
890
37
101
67
39
16
55
491
1078
104
864
493
121
20
795
550
951
68
134
100
172
339
1471
440
21
59
1379
341
301
135
151
205
30
3316
747
85
806
219
57
135
70
96
60
26
1126
1345
38
57
730
899
26
145
50
25
34
569
27
167
7
118
1087
85
56
29
66
800
854
342
146
130
151
42
744
249
43
1874
29
69
2116
392
329
13
43
2380
21
1587
864
222
19
493
103
185
401
234
15
1696
23
256
455
1399
342
22
38
65
401
90
8
352
27
1246
46
33
276
360
360
211
940
27
53
254
1022
48
458
250
12
171
13
190
30
93
625
54
174
52
16
170
627
52
1360
21
2232
175
134
95
993
27
28
16
11
401
339
22
184
6
241
218
18
894
29
848
210
33
44
13
6
84
32
190
30
29
30
23
20
13
197
44
795
806
250
108
21
104
109
104
268
625
155
15
860
134
458
172
330
117
17
250
138
32
757
140
217
201
583
2858
47
46
287
24
625
172
52
5
412
635
16
1325
133
1685
90
227
899
1647
123
220
691
177
106
346
899
75
787
26
59
69
37
32
28
108
219
282
724
669
254
899
77
114
201
275
103
13
12
14
60
32
34
28
144
447
984
560
33
90
90
8
926
635
107
11
32
18
253
391
57
23
846
26
93
19
227
186
74
380
53
83
2625
35
26
28
350
25
51
26
251
630
90
481
41
89
332
85
109
12
86
786
113
382
101
14
635
316
150
19
39
550
35
625
434
59
479
17
104
22
16
347
144
149
181
96
899
415
47
96
48
899
13
35
301
1208
145
204
175
24
369
63
7
97
38
253
199
53
664
346
432
1086
316
85
6
1380
768
469
134
352
15
1325
625
482
15
52
308
80
11
984
82
560
899
569
532
14
17
503
29
2055
13
56
31
773
9
62
569
30
864
247
846
18
47
28
253
151
17
542
440
24
112
24
1887
10
396
106
235
26
247
6
12
714
381
27
140
16
109
97
860
22
856
35
612
150
220
237
173
89
276
111
465
128
51
68
439
107
51
63
39
13
297
352
64
50
44
60
1692
194
2055
193
316
29
68
42
158
34
171
1303
117
13
23
111
82
174
234
1233
18
25
38
2210
1005
6816
78
124
1360
169
45
85
1126
525
22
769
120
202
1692
23
21
28
899
128
75
78
106
66
324
63
316
382
267
23
111
59
2829
1233
440
166
366
22
55
38
25
17
44
2696
190
122
32
97
67
198
3
51
289
91
69
387
116
167
114
2625
38
14
68
930
44
792
9
211
77
23
1442
316
18
714
16
55
114
722
256
1112
53
40
85
69
30
109
899
2954
202
890
424
169
103
1696
22
749
107
35
98
45
108
64
14
88
1505
65
5
74
166
74
434
14
63
73
26
256
383
114
29
20
22
330
899
33
2380
60
37
146
117
27
8
27
54
5
630
3
282
722
27
161
147
8
142
130
87
190
664
208
132
899
171
19
21
64
88
10
1588
13
111
235
16
101
205
16
211
27
50
625
62
36
450
139
14
30
1208
346
15
37
227
55
288
90
48
123
15
325
1203
18
153
453
60
38
90
96
282
103
60
6816
3513
90
54
12
50
1108
1360
144
87
206
532
1337
174
399
285
846
698
437
20
569
24
55
851
851
899
104
109
108
29
140
7
255
772
175
1065
187
302
2114
846
113
73
259
17
929
85
899
1380
129
13
39
151
256
211
17
122
14
18
303
68
85
14
206
130
113
17
51
14
322
143
54
2380
153
450
32
22
6
36
130
733
32
3192
175
79
899
82
24
424
568
181
47
19
94
35
41
49
124
33
123
302
104
36
245
59
123
1466
896
81
39
68
145
45
119
350
39
926
51
873
6
401
83
600
42
38
18
10
18
17
18
1054
30
324
74
105
27
33
17
134
48
118
57
67
245
150
424
625
899
54
64
201
51
11
19
68
270
205
22
232
1685
32
335
1112
86
1246
16
661
374
1300
181
1399
102
33
35
255
18
36
33
528
37
172
787
744
91
41
130
20
993
664
32
91
13
200
44
267
59
524
71
6
493
19
108
1005
6
52
64
213
1203
1022
100
680
11
16
135
150
14
403
48
169
169
39
52
1380
76
200
479
26
6400
98
15
2829
424
200
525
86
190
899
11
93
104
20
170
408
984
9
22
211
26
926
1685
424
481
521
1335
85
263
308
899
105
234
12
93
52
106
123
173
21
213
31
83
48
13
145
26
16
52
53
59
1625
412
27
40
399
42
214
90
1569
82
14
1328
856
21
39
210
562
6
312
14
1399
458
1360
643
167
524
47
74
256
23
47
1399
37
89
222
269
1208
142
108
122
5
230
11
35
118
57
39
100
800
1403
208
1685
412
39
20
23
44
346
4212
19
54
362
68
11
492
225
22
899
168
60
13
26
90
1337
521
269
38
32
135
96
47
596
143
253
1005
1005
43
295
25
44
6
65
21
13
21
308
230
1380
382
51
66
25
36
20
32
13
408
289
73
1380
30
7
60
926
108
99
298
625
173
724
267
82
308
412
143
235
805
346
96
11
39
122
625
83
899
713
339
14
985
158
57
11
117
48
20
33
78
81
1380
1696
90
34
253
68
58
238
22
873
198
27
198
524
68
993
112
142
97
93
93
9
57
6
11
388
47
42
82
7
581
92
39
119
47
53
91
1360
382
114
26
1303
38
493
60
71
39
62
65
17
110
9
78
899
52
47
562
63
86
899
1161
13
19
39
38
33
90
362
6
33
993
316
71
21
2456
108
218
309
327
469
492
77
186
24
151
185
33
45
16
128
63
68
74
1625
249
297
28
409
498
20
73
19
71
627
44
14
114
20
85
94
9
569
81
53
42
722
251
313
102
19
60
147
188
899
122
112
146
43
1333
36
133
17
86
154
74
100
219
371
153
261
469
45
119
385
516
128
828
55
846
480
89
121
102
78
692
29
33
6
112
53
2456
18
170
160
472
432
109
350
49
437
186
28
177
28
41
450
89
125
44
1086
55
6
47
387
96
8
38
104
16
292
39
35
52
50
93
251
298
176
74
24
383
926
846
102
135
236
2954
56
502
67
458
663
134
722
81
91
4
208
276
106
139
993
29
16
1587
316
68
899
81
214
41
859
20
18
16
32
58
151
14
21
275
53
34
129
7
19
64
91
128
51
150
12
96
71
13
18
33
40
335
115
40
30
34
205
87
562
138
899
1112
198
33
864
176
247
65
169
33
142
58
226
33
47
168
550
5
1454
96
52
36
281
15
93
85
85
1092
159
191
25
25
91
53
45
1685
3
22
124
1057
1023
8
22
533
50
297
71
154
493
117
249
119
23
1074
7
36
82
6
191
206
135
570
32
7
165
48
92
211
82
1399
32
2552
35
324
67
66
82
5
171
39
1696
864
39
55
238
103
259
32
58
33
206
33
899
157
215
314
174
32
253
71
141
17
652
806
770
26
38
108
146
121
196
864
27
930
51
41
524
724
1454
929
45
71
1495
101
128
503
31
726
85
14
94
423
15
58
34
612
795
9
212
85
39
15
90
78
35
14
55
236
35
42
114
481
346
111
586
234
60
20
190
1342
469
51
19
514
175
32
54
1476
399
335
101
33
26
190
35
12
15
770
155
4
55
868
122
114
85
191
32
27
44
55
155
595
68
795
194
263
124
146
56
19
138
66
388
29
20
153
285
175
374
21
23
252
88
13
54
201
686
151
43
1399
5
97
33
6
80
42
899
57
47
261
1233
7
64
21
24
22
96
554
92
26
55
81
554
2294
496
12
104
139
7
8
136
2
144
412
23
113
103
625
1057
532
34
56
125
30
232
11
155
352
683
464
322
156
2055
7
111
502
52
15
71
1360
540
12
134
103
218
295
525
432
48
52
150
32
57
86
21
78
59
351
1102
256
59
82
691
730
101
55
11
160
64
6
27
586
899
60
560
899
2111
104
1790
82
71
125
1233
90
33
58
44
730
63
2456
21
6
73
1325
247
110
247
39
92
886
43
154
81
20
130
128
12
55
8
783
17
3
208
165
202
25
23
926
45
481
59
256
234
130
502
85
96
680
770
135
303
80
86
108
32
21
201
1022
59
190
820
87
227
770
554
270
22
108
36
899
89
371
143
299
64
2704
136
36
492
196
169
169
24
48
8
24
16
88
1037
5
71
346
60
123
612
1399
34
187
287
492
182
108
13
63
73
128
379
652
158
188
1454
424
11
133
249
85
29
113
525
893
23
63
12
65
9
28
56
17
32
3479
281
940
238
19
123
90
502
15
828
21
447
211
22
36
450
2456
6
47
92
35
664
149
17
14
81
133
252
2
899
424
18
139
128
47
90
73
116
140
464
25
42
141
482
17
7
38
13
24
130
1007
533
2179
33
20
55
141
95
217
17
11
374
165
19
101
12
256
54
770
91
30
595
806
60
55
33
14
546
45
153
255
170
387
177
27
424
12
151
20
890
35
17
403
18
2272
930
60
169
169
48
99
55
7
30
63
493
236
114
74
150
150
226
58
125
48
9
256
643
2114
287
630
301
177
8
131
202
145
10
208
54
32
378
709
401
96
58
120
304
145
32
57
9
102
1023
60
22
40
669
210
186
1380
65
11
16
45
153
661
292
12
352
970
295
96
55
14
4
169
237
51
28
625
66
8
245
15
58
49
158
92
782
502
1342
346
52
36
84
3018
90
16
411
491
67
13
104
179
382
388
759
20
19
366
196
332
134
83
32
28
135
860
1203
59
45
83
130
140
308
42
115
115
249
15
223
335
184
120
2829
771
68
281
109
71
1249
59
60
69
19
16
932
346
2954
44
25
25
17
412
439
19
820
612
187
114
92
69
899
18
2790
1685
202
635
180
524
206
13
7
9
249
11
366
36
27
112
256
93
7
72
23
41
353
330
23
98
646
90
84
980
1333
37
60
65
149
509
151
18
71
285
19
110
139
1086
450
20
48
51
33
39
86
42
254
1587
25
60
24
23
256
29
27
113
60
32
1380
15
60
225
26
12
63
59
12
85
19
269
302
175
147
267
28
139
153
873
54
10
111
13
158
894
481
24
3
496
292
167
458
67
42
70
180
58
124
113
196
1161
1293
25
400
67
77
1246
132
303
9
61
53
196
18
162
1314
258
1360
22
29
27
350
1466
59
11
208
820
943
130
6
314
172
219
381
7
99
68
423
202
92
49
639
14
128
465
146
42
10
39
15
346
122
175
94
84
856
42
123
308
864
214
1360
38
864
1380
165
129
1148
52
54
20
899
8
50
22
3018
166
303
3479
134
724
39
125
1245
130
296
769
929
39
151
147
118
612
115
41
34
154
8
7
496
175
94
254
135
35
83
755
302
219
14
76
270
122
42
30
943
97
930
202
568
366
326
130
255
219
744
117
330
370
73
159
191
439
20
30
868
669
228
820
80
68
899
45
26
99
42
14
15
10
20
44
66
16
48
19
208
85
166
1057
253
21
1126
130
11
34
213
64
1005
290
16
230
135
160
35
453
67
542
137
202
59
166
52
145
54
253
12
91
21
9
12
457
20
9
94
29
24
424
18
109
6766
562
54
47
38
55
10
230
48
524
30
10
890
259
86
86
58
191
200
104
346
350
3047
1380
230
201
52
47
85
525
52
1735
94
44
493
16
108
175
120
120
117
216
1314
78
50
19
755
53
664
87
115
66
9
175
864
81
20
67
64
408
1246
342
290
135
23
472
1476
4141
134
303
7
890
846
13
22
251
55
899
51
211
77
899
247
38
11
35
1333
308
88
524
672
481
16
45
82
759
38
1399
37
104
7
13
76
25
10
32
218
9
317
11
1360
117
73
338
121
62
3
175
202
2954
190
139
32
447
375
68
672
282
11
993
48
175
156
122
4
87
743
186
100
174
629
5
1161
1408
25
303
225
1399
44
1037
123
1245
31
114
85
217
269
65
190
54
171
89
97
16
347
297
15
72
11
5
146
31
191
54
968
586
560
3053
7
25
34
47
757
100
307
114
8
13
121
229
54
46
188
270
1692
175
1102
171
114
550
230
57
22
30
257
68
41
860
143
17
81
297
297
259
724
30
208
77
14
83
10
698
525
122
899
99
19
41
21
18
105
325
117
12
74
174
353
38
408
93
980
38
625
70
316
218
44
24
630
230
73
221
7
146
1233
122
116
36
135
73
219
88
105
12
783
85
191
293
249
1078
899
239
190
112
1208
450
196
219
305
480
103
8
103
20
46
23
139
10
148
201
206
59
307
12
929
85
85
60
252
253
13
48
10
77
89
109
171
146
109
283
17
792
304
1456
14
45
23
502
217
236
207
492
10
56
1325
191
33
316
140
439
1685
105
600
325
12
663
12
115
47
1133
1314
747
89
32
492
625
7007
5901
38
43
36
276
43
26
21
171
2600
1022
20
143
22
120
899
16
175
96
135
8
20
6
26
1086
75
524
437
7
281
119
130
296
378
97
55
434
475
53
410
3
641
457
717
60
722
106
144
109
113
28
351
54
198
83
302
47
143
15
129
17
32
314
322
112
59
300
300
899
65
70
524
37
104
18
281
11
806
56
1246
74
4
10
25
385
168
68
65
4
44
1380
17
213
96
458
524
32
288
25
53
57
424
191
167
112
120
198
514
173
66
39
89
20
1359
104
139
51
2210
83
1126
26
216
150
36
47
34
899
346
524
94
22
435
424
104
387
232
7
29
67
191
22
34
51
15
14
15
49
283
102
149
1022
312
124
26
831
493
321
1685
89
330
352
71
184
71
71
74
141
1086
65
107
22
6
381
16
3
97
1022
204
62
17
54
17
16
12
401
38
202
58
32
899
60
56
83
15
14
187
346
1303
90
144
22
890
122
94
125
19
54
64
166
408
128
38
11
92
1246
276
458
20
53
946
15
108
219
123
1380
78
2600
85
384
17
683
84
238
19
47
35
366
145
75
570
1126
32
329
261
102
39
270
40
32
453
806
1246
297
114
60
3513
145
44
140
66
146
24
453
9
335
39
581
18
2873
669
108
267
772
267
36
7
228
59
130
24
3
1951
142
1333
412
81
309
170
256
85
388
973
73
66
55
21
16
20
1587
808
37
84
85
26
48
219
18
1380
12
71
2696
382
524
20
202
586
145
48
514
26
94
90
29
119
201
211
28
419
30
297
324
129
795
663
136
90
5
11
37
28
55
132
141
4
22
1399
187
55
122
1022
408
113
250
755
50
261
15
6
346
63
53
285
167
268
18
137
205
22
253
17
48
156
1685
160
4
52
67
223
214
383
151
11
401
32
2829
20
680
213
4212
20
96
3
8
88
65
39
55
32
106
45
156
112
664
13
144
255
30
49
5
79
550
747
20
66
34
54
67
114
104
116
38
200
21
8
1161
15
316
80
143
86
70
19
138
249
22
412
29
747
11
15
568
19
8
13
371
59
23
135
32
17
569
20
2229
108
89
968
169
434
166
43
387
1345
297
297
226
123
61
7
55
23
899
64
175
64
174
65
864
555
207
75
21
35
96
457
60
17
167
261
523
532
46
133
12
14
29
1065
7
795
68
68
18
771
51
173
14
13
116
172
82
112
47
100
318
29
36
542
41
200
22
20
39
177
366
45
69
323
140
167
749
43
253
172
30
94
58
11
9
41
251
175
74
21
912
326
25
24
335
2210
303
943
124
7
755
1114
409
9
533
38
30
16
14
16
22
55
205
250
664
91
135
145
134
126
1245
464
106
1208
19
12
783
68
150
150
134
53
268
29
2445
525
81
232
88
34
33
158
46
96
9
131
180
45
16
1454
251
236
186
57
1426
167
91
57
50
20
20
44
125
124
38
984
128
73
257
130
54
88
980
124
392
66
175
132
8
235
53
21
19
613
32
69
16
94
187
321
23
540
74
31
154
13
94
20
188
396
130
267
229
27
716
115
141
787
1442
92
92
339
794
33
58
59
10
31
424
387
940
58
40
498
230
890
346
140
1074
111
33
57
69
73
202
198
533
20
33
457
45
121
528
211
76
268
21
724
491
52
680
9
329
49
26
19
195
324
899
285
67
57
115
13
47
434
44
32
130
39
182
96
56
36
305
15
139
1333
28
426
831
625
49
399
31
409
151
22
14
174
151
89
205
103
85
7
12
5
16
22
71
2380
296
381
943
106
92
32
846
381
151
39
253
200
112
524
37
524
145
36
873
10
424
34
54
330
524
48
16
72
110
5
41
12
61
207
94
150
160
347
7
35
31
1403
67
199
11
232
7
22
88
412
440
465
440
162
263
145
1553
160
281
303
211
42
1443
257
1161
760
74
71
341
37
1115
67
33
2233
235
11
1799
156
1007
3956
453
263
663
493
47
102
282
133
2210
13
982
334
462
18
1696
22
104
146
67
6816
178
239
21
53
864
20
50
214
27
120
18
80
13
46
191
10
16
319
41
266
151
73
25
29
94
138
177
14
89
792
68
42
112
137
525
87
58
196
44
42
81
12
49
169
69
174
8
71
175
144
28
7
77
85
66
24
16
276
63
1031
18
169
68
128
447
1037
318
90
500
380
502
251
560
475
158
64
13
1685
26
704
23
11
930
13
38
38
46
60
1400
263
534
1066
45
890
36
21
65
709
247
87
560
383
95
179
11
21
104
143
304
1333
770
105
133
71
54
52
108
270
83
686
22
89
376
27
714
92
859
3053
172
28
324
227
379
220
20
47
88
524
18
550
1476
14
91
101
10
116
128
137
26
20
307
110
18
35
38
266
60
100
12
48
15
54
58
92
481
1360
55
1230
41
863
85
795
1306
6
49
586
4
413
296
195
171
2055
32
993
435
905
500
230
329
166
39
387
120
68
259
177
800
34
39
94
55
432
37
213
31
69
63
58
101
32
53
24
74
21
1005
1105
351
111
133
49
57
13
92
35
230
74
146
747
255
412
55
33
28
984
73
116
847
511
511
346
194
534
303
9
342
338
138
93
339
11
691
32
10
62
814
4
199
39
193
47
35
73
3956
465
382
252
943
523
108
46
11
15
135
377
14
28
96
141
54
9
80
170
1476
139
141
75
65
755
94
2552
145
35
175
255
42
133
8
18
109
92
128
86
5
22
139
96
358
42
36
58
958
262
14
37
351
160
137
9
253
437
186
14
628
447
158
428
2
21
13
32
50
191
56
22
38
65
54
140
47
191
33
84
327
34
1685
18
376
47
180
83
480
68
35
44
29
116
307
161
115
68
145
16
21
20
194
100
222
89
29
664
388
18
175
44
1457
32
26
296
2272
491
1505
60
111
12
370
202
33
39
304
18
97
50
5
90
2291
899
20
1126
468
26
23
332
425
128
171
207
8
190
514
112
56
12
23
174
199
6
199
35
457
125
137
145
115
47
59
146
17
57
562
42
2055
869
30
233
457
135
71
35
67
141
80
32
21
64
250
120
1380
2954
113
2055
6
534
534
2829
319
10
118
457
63
250
201
81
14
3192
154
284
168
51
57
43
97
129
165
716
377
1086
22
34
6
8
32
36
27
201
28
11
60
542
21
755
33
107
191
15
82
104
335
88
31
1133
39
269
174
43
70
9
20
77
52
90
14
186
235
21
10
468
94
304
239
191
1005
21
106
96
39
302
218
327
938
982
296
276
31
20
281
26
37
133
899
38
692
102
47
347
210
351
90
314
82
74
35
199
113
59
85
85
439
2726
81
3
219
57
316
14
252
51
118
94
128
11
462
36
18
16
110
408
5
32
439
4
280
41
107
78
524
131
11
1298
60
47
562
583
80
111
4
51
31
213
270
56
540
280
29
21
29
47
873
218
2
33
1233
193
33
1126
1322
99
151
47
167
39
70
182
1293
269
377
259
48
1414
7
21
74
524
984
58
170
12
35
21
196
154
46
36
16
26
360
360
353
144
54
42
140
828
1022
93
201
800
90
1249
74
1291
220
35
49
128
181
104
5
48
128
65
53
199
180
30
13
29
60
6
201
2055
64
124
230
218
12
23
27
108
105
8
135
9
50
1005
107
744
191
899
90
173
65
17
97
90
32
39
27
161
121
1471
31
122
121
630
392
109
7
550
3
144
283
123
42
8
296
27
102
56
145
15
1073
1005
2294
82
191
85
262
455
30
170
112
1685
94
16
1692
17
68
159
271
84
40
10
101
74
53
11
23
109
43
189
772
11
380
228
99
27
216
16
86
1523
133
455
1587
154
7
110
760
67
27
252
45
322
46
301
1078
227
11
125
7
34
492
38
403
2388
206
69
78
74
39
103
159
12
751
31
295
30
134
1360
43
108
187
55
297
65
646
139
1433
158
864
45
136
9
350
24
1005
234
254
222
23
14
130
158
21
335
46
10
346
16
864
236
64
90
128
122
864
10
96
200
722
67
219
3479
116
738
128
21
899
39
739
926
33
123
12
22
39
683
67
210
151
1993
30
425
418
51
33
35
169
100
21
16
66
213
188
19
38
154
287
109
17
55
81
480
347
28
182
276
864
2858
135
346
15
24
1200
138
465
159
412
1360
15
20
57
32
42
303
1161
500
316
755
11
1414
667
158
628
278
6766
14
120
569
218
22
160
103
11
21
133
40
48
68
21
106
20
346
104
196
12
30
434
27
71
1414
38
14
255
171
104
1494
46
1208
308
926
27
6
625
42
114
133
55
267
165
1523
64
455
48
48
38
1039
1039
14
109
151
164
82
187
23
35
422
757
34
74
77
661
238
227
2
21
20
116
15
316
20
6452
86
151
346
22
109
211
447
191
16
339
138
11
30
59
140
160
209
492
29
54
76
6
342
612
45
256
91
538
214
722
135
1026
64
1328
43
271
514
25
25
108
751
114
15
268
82
138
2736
297
52
17
628
1399
43
39
39
1325
62
1132
68
89
327
524
197
1126
54
48
118
302
102
263
20
469
39
38
341
896
57
3
6
43
146
45
47
128
11
569
926
38
255
138
25
11
466
211
64
57
379
49
241
11
550
85
147
105
569
140
119
1584
135
5
191
14
188
143
109
899
104
218
743
859
356
42
899
74
859
382
74
352
925
35
502
115
2620
48
123
74
8
28
6
59
8
190
145
32
667
353
153
453
462
144
38
23
19
10
114
87
82
146
36
1505
14
563
91
22
307
1157
316
42
968
19
119
148
114
114
14
317
31
94
105
7
316
1799
135
72
1414
33
381
81
425
45
33
258
14
23
158
145
50
516
472
122
90
54
85
17
491
17
69
524
22
940
28
1026
104
207
1621
1022
403
19
20
68
1439
285
370
55
894
408
7
15
82
151
384
54
105
35
76
664
1161
111
9
16
89
503
346
562
794
38
733
453
60
926
1333
57
714
33
266
94
38
135
206
2
18
864
588
78
29
48
107
76
542
118
1039
1039
271
27
71
36
177
191
863
1007
211
864
899
112
21
24
500
99
53
890
8
75
19
207
121
709
3513
2210
151
94
45
32
21
16
413
14
303
133
400
99
1200
80
143
36
42
36
627
20
275
187
50
31
1115
29
112
102
208
104
30
18
53
491
113
71
407
6
12
151
123
1685
856
267
67
2729
32
108
190
81
33
45
114
194
5
31
118
26
425
218
6
343
45
23
26
6
33
259
206
422
54
78
21
524
303
12
33
302
60
1993
14
43
106
125
334
14
17
103
23
94
130
2125
432
743
252
29
24
267
370
42
67
78
47
36
214
17
53
20
302
50
926
899
66
151
151
268
54
32
86
43
108
6
926
13
30
258
334
256
330
104
1293
87
17
269
7
34
692
236
35
213
1007
62
422
57
45
370
19
68
50
158
69
208
71
49
22
105
109
926
218
403
733
43
770
330
94
42
1122
19
85
68
26
462
6
60
464
94
77
72
53
19
78
124
220
67
1126
303
175
492
53
20
90
88
1133
516
229
59
11
17
214
152
42
43
58
3014
11
912
28
596
400
1600
1414
108
10
716
5
108
595
795
26
381
135
199
38
52
26
112
864
296
35
20
83
72
899
90
253
65
39
664
90
940
253
1233
270
26
140
151
23
899
24
241
171
73
90
66
35
2954
87
588
146
296
60
366
669
31
351
285
222
120
32
297
128
74
25
66
65
3479
45
34
1414
584
691
145
4
194
439
575
302
389
462
191
152
3307
38
48
1799
1685
1066
472
12
103
249
143
17
230
108
1306
11
130
118
15
21
384
19
479
53
1624
366
12
11
28
11
926
343
6
1692
196
330
453
25
140
68
71
67
17
28
21
61
92
250
342
11
139
53
932
729
222
8
34
85
38
7
263
3
72
158
744
383
214
235
372
235
66
67
25
357
34
46
764
308
943
43
95
35
383
23
227
83
68
14
1161
347
214
382
18
53
122
60
65
18
13
151
33
18
261
223
219
174
247
10
65
121
50
110
55
6
21
20
588
280
47
45
108
61
1007
491
1692
87
709
96
239
85
743
1291
89
20
55
129
899
7
141
30
434
21
308
890
190
8
627
6
151
295
25
285
415
59
3956
53
199
96
34
42
196
206
578
90
899
18
167
480
773
143
55
91
202
229
10
256
5901
33
325
1799
120
562
71
56
52
81
302
982
32
667
241
126
166
849
2111
20
253
219
23
180
2210
104
43
202
970
23
18
383
169
34
437
57
130
5
190
280
73
61
792
52
1342
46
985
1874
2380
60
5311
130
104
54
39
33
140
386
346
90
145
81
453
17
1233
94
26
108
1621
291
14
195
2210
123
12
90
562
113
129
5
1233
72
326
8
137
53
2291
17
450
899
5
130
22
18
166
185
33
33
1306
773
79
296
480
1023
31
106
25
2111
51
30
230
191
47
210
759
107
287
472
81
899
899
20
9
138
66
362
201
5
130
73
19
629
596
2233
64
12
296
9
55
125
480
308
9
276
502
58
18
80
287
73
1380
60
13
133
873
145
43
200
211
1066
60
328
122
156
191
377
71
35
167
726
856
1132
48
27
1993
717
10
16
22
241
251
1094
347
71
151
47
166
521
145
32
26
13
3
219
664
169
28
113
893
475
123
250
250
465
381
99
135
261
899
15
1685
19
1335
178
2974
83
45
1696
324
167
22
2125
59
29
4
503
19
22
771
54
10
14
22
16
65
491
56
96
27
383
47
65
899
56
71
554
33
899
104
195
444
102
60
1132
39
176
125
191
19
479
399
14
40
465
210
96
1608
145
174
2620
73
472
191
828
223
32
117
238
145
35
408
412
186
141
31
44
92
48
9
180
894
8
66
8
86
167
55
2294
37
31
550
943
44
9
353
8
1360
9
451
266
9
181
85
562
116
24
23
51
103
570
8
103
1128
145
16
123
943
214
22
847
259
43
1600
53
130
25
24
868
661
1380
1381
287
166
51
377
1128
218
238
143
596
26
717
296
55
26
1553
1233
151
55
36
723
218
19
107
882
249
108
450
17
41
261
899
90
16
117
899
9
50
243
158
744
502
291
324
48
1233
50
899
458
28
90
116
1685
289
1265
85
165
143
124
71
578
133
375
377
562
267
137
2620
93
14
525
47
167
628
9
39
151
69
105
119
43
308
42
290
491
48
625
41
223
37
346
1328
51
287
63
56
347
20
943
328
51
35
10
166
85
1738
140
15
69
226
8
42
171
33
3513
493
246
210
28
32
103
10
627
492
16
184
18
93
1383
110
5
7
247
30
23
89
359
29
180
52
21
110
15
21
26
8
3956
1345
820
220
175
440
1333
208
26
5
439
617
10
808
3014
899
48
169
744
154
94
28
25
196
35
51
211
45
104
303
118
125
209
303
25
191
412
47
13
44
10
36
212
191
177
73
165
17
186
303
534
99
33
97
114
5
18
392
1380
1380
500
66
10
10
1022
9
175
52
21
1007
251
40
64
175
30
724
13
48
54
352
680
253
364
1157
144
92
33
113
747
88
782
110
90
2229
22
1148
276
109
428
14
1380
32
1265
5
1685
243
346
20
18
60
82
53
794
174
71
283
516
1628
574
327
206
83
516
152
45
55
58
48
252
3192
1360
162
129
64
60
10
663
1126
425
33
238
17
12
131
19
143
75
351
303
92
1399
899
196
1306
32
226
951
820
166
116
196
33
629
100
341
1112
196
11
41
18
17
44
259
386
153
38
5
12
439
54
81
2858
250
67
218
256
235
30
97
26
1600
90
51
60
33
120
342
1951
32
1306
41
8
142
65
86
30
121
3
1328
35
67
491
683
72
26
1073
864
233
351
60
525
213
20
230
757
23
13
1414
147
60
48
32
308
177
174
152
16
85
123
524
4
51
262
586
21
411
107
2858
828
15
55
6
44
425
3091
334
30
1249
97
1300
141
154
19
18
8
211
341
90
63
263
263
109
155
59
96
37
943
85
683
232
169
24
18
99
60
16
324
30
68
234
278
297
234
256
755
382
468
85
6816
524
882
53
53
87
40
724
3
84
47
346
14
1022
10
33
39
925
828
42
692
392
186
358
19
792
100
10
808
283
114
35
18
1126
391
70
56
11
48
153
9
18
53
109
113
47
197
57
6
161
23
278
57
3
4
208
106
139
500
33
22
270
356
12
134
201
276
134
150
316
24
890
21
7
664
569
92
303
8
17
22
8
316
453
135
263
24
1544
64
51
138
17
20
171
500
57
14
303
77
469
912
146
302
247
1265
54
30
20
475
48
326
28
419
37
105
232
7
524
39
27
16
24
74
899
8
6
5
7
795
26
16
47
223
151
68
44
90
2055
569
828
1322
105
1471
2790
262
145
1443
6
164
196
48
81
64
491
54
29
193
39
113
118
440
302
266
382
87
218
985
350
230
30
68
254
104
136
372
38
22
440
55
108
36
121
12
26
93
628
187
11
366
1628
67
45
51
55
723
6
58
40
10
92
335
135
372
569
457
47
172
21
12
596
47
1457
1414
1066
48
795
151
202
191
72
453
17
169
268
36
439
220
62
53
598
48
138
18
285
74
1861
53
62
2305
106
44
329
27
261
132
74
3192
820
201
1624
83
1078
219
39
152
70
30
451
1414
86
245
62
993
425
64
190
89
44
151
899
178
529
723
22
194
480
205
21
233
151
175
97
722
37
28
64
14
11
55
1115
123
46
68
202
635
330
530
540
18
107
145
558
115
123
228
172
85
223
227
22
447
1105
96
12
455
133
227
1200
32
450
165
45
38
103
205
751
523
169
29
113
94
596
755
165
42
44
92
40
77
151
15
23
12
193
50
60
1037
50
60
115
115
45
899
664
22
534
534
145
175
111
27
170
21
894
124
757
33
96
28
50
38
104
20
106
20
83
19
5
52
131
40
1105
1007
110
129
1086
48
722
30
263
153
63
22
47
41
1233
187
985
144
39
26
6
43
191
4
5
250
860
109
1692
190
53
524
23
714
90
457
72
524
303
635
38
15
33
171
211
97
159
123
208
41
1360
108
216
124
625
12
211
191
70
141
80
32
328
899
5901
1135
39
186
30
9
27
145
467
90
36
87
130
65
31
76
425
440
1692
175
403
4
755
10
65
17
50
37
90
251
1553
772
53
207
60
57
20
1380
85
32
180
682
412
47
171
864
82
68
13
12
19
464
612
114
214
113
1022
25
285
1078
9
150
150
115
115
1383
250
94
135
90
423
524
298
847
138
247
63
55
45
18
169
1442
145
133
88
87
158
11
1360
50
90
296
18
30
899
134
205
191
6
15
628
63
175
481
32
661
57
89
191
36
61
1148
35
211
130
6452
462
733
33
787
652
219
739
13
630
12
303
464
160
1494
239
450
808
48
27
67
164
59
33
105
37
210
1007
16
583
89
6
36
6
119
71
51
10
45
6
392
72
630
247
56
562
20
1005
67
33
64
69
335
93
258
18
347
1250
32
1143
256
28
105
175
252
61
327
45
6
39
218
18
3
198
20
158
276
71
23
38
85
40
52
42
53
1457
1685
39
114
524
164
766
142
94
66
524
196
99
50
49
208
714
888
84
864
12
378
342
11
1208
35
1448
313
20
47
61
759
351
80
6
66
180
370
213
65
808
101
751
152
53
464
191
873
34
64
1380
13
25
11
60
468
48
53
37
339
57
2447
12
42
56
351
562
171
15
21
492
177
208
16
250
26
19
199
39
37
28
246
682
899
598
81
68
223
180
44
124
93
25
33
179
987
21
14
350
33
111
48
146
52
143
888
191
71
92
105
44
28
26
174
3049
54
55
32
2111
37
101
276
53
11
469
20
142
253
257
170
496
24
102
27
35
161
42
65
253
53
36
89
160
475
479
10
87
899
9
3049
1471
139
491
282
222
15
169
550
9
11
228
1245
50
1026
106
80
303
236
54
151
5
234
85
26
8
72
641
92
36
93
177
25
177
208
418
218
55
46
757
66
46
596
105
48
53
362
72
104
251
154
84
1122
663
6
500
147
639
256
22
2055
639
47
11
54
453
63
180
422
84
1505
339
1208
35
145
87
1322
2729
73
108
16
151
26
233
69
237
45
214
169
493
30
196
235
206
5
16
85
27
122
11
97
230
38
104
82
51
68
628
30
34
