269
52
586
540
28
160
2954
108
291
2729
112
124
329
1327
53
319
22
27
106
1777
1360
35
671
1000
206
206
208
78
41
1007
1007
46
459
57
1289
40
35
169
65
958
49
119
106
73
308
477
305
152
152
506
214
590
32
13
92
21
130
3754
2042
47
128
829
54
36
869
156
4481
39
1007
4288
2094
1380
699
93
35
50
1380
60
21
102
516
65
379
41
303
37
667
78
51
275
531
644
109
523
411
148
249
1026
472
57
783
78
1105
1203
141
135
853
51
1360
230
19
284
610
86
205
83
966
1105
193
820
2449
31
67
211
86
276
1380
540
44
261
114
1587
506
36
1342
751
2039
96
301
52
222
82
160
1219
683
1662
275
57
1086
165
16
162
118
411
17
297
966
1005
11
21
10
1360
1587
500
36
36
783
312
302
233
117
117
117
117
407
152
40
68
16
425
562
470
783
102
570
2459
244
21
281
758
51
23
11
113
794
3869
258
62
627
188
37
11
333
74
191
439
130
30
1208
562
88
88
377
1349
23
73
54
42
74
106
61
331
53
117
428
150
56
298
1293
19
26
58
802
1095
52
82
319
55
714
143
141
208
479
19
78
312
1569
16
304
80
110
88
80
350
246
535
84
861
154
1105
2055
211
1203
873
783
112
139
258
59
648
45
430
430
26
112
1062
105
73
1696
65
148
129
199
105
70
191
24
1349
1327
1479
21
213
53
40
83
420
20
270
548
1479
122
151
45
37
193
317
854
253
52
229
783
275
44
319
105
239
175
175
57
99
766
27
717
276
751
37
1380
466
149
648
70
530
317
96
12
89
491
3744
141
1380
1398
67
21
408
755
17
848
586
117
1078
2614
123
4966
142
34
208
235
148
52
41
32
38
256
14
425
411
14
181
103
315
648
294
151
32
27
433
82
802
2616
73
184
1664
1692
1327
20
1592
78
787
323
899
57
57
253
111
1479
9
188
630
8
73
1039
2340
673
800
3615
75
1467
148
147
189
425
65
40
794
800
191
53
49
667
189
524
176
194
103
583
85
1086
67
1380
397
612
13
524
2470
74
646
86
102
938
2698
141
795
80
491
222
135
69
613
89
764
164
122
114
125
93
78
497
299
164
261
2852
45
57
138
76
920
221
162
307
83
667
125
258
411
8
249
49
80
56
97
253
137
167
425
718
45
329
66
238
2676
506
189
8
162
325
5574
1373
78
31
15
11
349
730
169
5936
13
148
648
44
800
246
2506
143
112
9
1069
1069
425
627
357
714
194
1252
202
966
182
151
151
744
2698
441
287
71
714
1479
48
67
123
170
170
570
3659
439
4226
1151
380
80
548
3283
562
196
1245
131
26
112
413
92
71
37
993
175
530
25
235
210
6
359
2720
276
59
277
22
2084
104
250
21
52
597
425
218
111
350
191
411
163
118
30
30
30
57
64
581
1587
205
27
76
151
235
14
35
497
71
1588
425
393
123
2023
683
170
1105
12
369
83
2212
22
189
189
22
363
2511
854
151
1380
1067
1067
41
197
20
586
795
41
39
6603
59
262
1653
411
209
2032
120
2223
1512
346
189
1588
239
4733
108
78
39
722
82
1245
46
29
214
113
59
5824
239
190
22
87
113
28
56
284
61
52
287
28
141
253
269
1537
143
1787
122
86
1380
2869
59
500
73
20
230
120
184
82
313
1349
165
235
12
30
120
22
351
821
177
80
1380
428
260
213
276
74
207
487
42
503
1588
20
201
28
35
1078
4
252
67
236
22
184
188
32
82
167
418
418
418
262
22
27
246
120
69
455
223
393
393
18
26
6497
6497
20
5074
19
10
141
667
189
473
206
53
32
275
2954
20
120
29
1203
612
149
37
1380
36
5
13
21
145
2954
76
208
899
2055
260
42
783
317
43
803
395
73
31
81
172
246
262
613
1380
821
1506
311
57
96
71
247
425
19
7333
16
258
562
572
193
35
570
735
26
413
178
78
96
215
372
2787
629
189
225
111
47
275
186
467
350
82
167
190
50
137
251
146
744
71
157
235
90
788
75
22
78
69
148
231
2961
1293
72
455
17
506
87
167
167
119
22
35
950
90
1457
418
2159
58
209
43
447
1380
122
106
112
847
21
142
68
166
540
854
864
547
183
221
920
802
167
262
1078
990
141
1588
38
13
905
648
80
68
2230
2230
2230
2230
430
12
120
277
54
1938
403
13
13
1342
1342
189
2763
297
141
2511
773
244
24
1157
146
64
4
53
121
1588
1399
156
909
80
70
45
45
45
373
397
31
86
2954
478
123
1628
1494
237
6
188
794
371
425
1086
562
74
131
159
22
57
5099
267
112
471
103
122
113
106
106
27
188
406
59
747
106
144
462
250
128
258
164
707
85
1118
20
16
239
153
85
86
97
836
205
854
103
1078
132
32
717
623
250
767
145
130
1145
55
207
167
129
570
193
19
149
1203
237
3232
68
243
1349
89
215
123
22
167
783
204
586
117
45
29
1821
580
125
222
33
73
20
1588
22
786
1327
191
425
89
905
130
107
73
491
47
2055
240
209
953
783
1479
42
802
94
312
140
87
12
52
123
4248
132
82
240
730
146
2226
42
45
253
667
1169
1283
167
714
714
899
11
216
717
1033
120
178
244
244
229
260
36
36
185
125
172
287
1203
1433
167
141
663
1418
2055
279
106
608
167
184
69
482
1445
425
71
29
1380
714
4444
22
283
326
297
45
441
25
462
648
530
8
586
206
425
69
238
146
110
167
3567
151
1479
312
95
313
211
42
64
56
427
41
99
1293
1349
233
40
191
825
2904
297
9
29
558
64
312
783
317
5924
5924
5924
5924
5924
5924
50
14
1830
32
10
16
1105
1105
376
6090
36
411
411
31
235
594
1739
189
139
1588
667
223
194
35
49
72
191
1458
32
92
4622
106
666
425
102
8
2954
320
169
37
123
142
189
3624
134
317
213
1245
329
15
2954
14
